1.00000000000000e+002,-6.14142529263346e+000,1.60058345084094e+003
1.02329299228075e+002,-5.98938851807989e+000,1.56423397001029e+003
1.04712854805090e+002,-5.84165053247569e+000,1.52870879871498e+003
1.07151930523761e+002,-5.69814895818253e+000,1.49398932174650e+003
1.09647819614318e+002,-5.55881559083904e+000,1.46005734430608e+003
1.12201845430196e+002,-5.42357694544026e+000,1.42689508216017e+003
1.14815362149688e+002,-5.29235478974475e+000,1.39448515205587e+003
1.17489755493953e+002,-5.16506666241832e+000,1.36281056238935e+003
1.20226443461741e+002,-5.04162637419650e+000,1.33185470411901e+003
1.23026877081238e+002,-4.92194449044924e+000,1.30160134191595e+003
1.25892541179417e+002,-4.80592879401191e+000,1.27203460554402e+003
1.28824955169313e+002,-4.69348472727774e+000,1.24313898146223e+003
1.31825673855641e+002,-4.58451581297750e+000,1.21489930464240e+003
1.34896288259165e+002,-4.47892405316051e+000,1.18730075059512e+003
1.38038426460288e+002,-4.37661030643505e+000,1.16032882759702e+003
1.41253754462275e+002,-4.27747464324967e+000,1.13396936911333e+003
1.44543977074593e+002,-4.18141667972012e+000,1.10820852640892e+003
1.47910838816821e+002,-4.08833589015646e+000,1.08303276134236e+003
1.51356124843621e+002,-3.99813189894123e+000,1.05842883933689e+003
1.54881661891248e+002,-3.91070475239471e+000,1.03438382252285e+003
1.58489319246111e+002,-3.82595517121129e+000,1.01088506304645e+003
1.62181009735893e+002,-3.74378478433992e+000,9.87920196539849e+002
1.65958690743756e+002,-3.66409634518464e+000,9.65477135747465e+002
1.69824365246174e+002,-3.58679393077179e+000,9.43544064304541e+002
1.73780082874937e+002,-3.51178312501730e+000,9.22109430663021e+002
1.77827941003892e+002,-3.43897118670291e+000,9.01161942161142e+002
1.81970085860998e+002,-3.36826720320057e+000,8.80690559232487e+002
1.86208713666287e+002,-3.29958223068320e+000,8.60684489750932e+002
1.90546071796324e+002,-3.23282942162126e+000,8.41133183507936e+002
1.94984459975804e+002,-3.16792414033864e+000,8.22026326818735e+002
1.99526231496888e+002,-3.10478406727840e+000,8.03353837254320e+002
2.04173794466953e+002,-3.04332929270520e+000,7.85105858495958e+002
2.08929613085404e+002,-2.98348240028461e+000,7.67272755309529e+002
2.13796208950223e+002,-2.92516854122001e+000,7.49845108636582e+002
2.18776162394955e+002,-2.86831549926089e+000,7.32813710799585e+002
2.23872113856834e+002,-2.81285374706340e+000,7.16169560818568e+002
2.29086765276777e+002,-2.75871649416225e+000,6.99903859836692e+002
2.34422881531992e+002,-2.70583972682973e+000,6.84008006652194e+002
2.39883291901949e+002,-2.65416224002971e+000,6.68473593354248e+002
2.45470891568503e+002,-2.60362566154612e+000,6.53292401060421e+002
2.51188643150958e+002,-2.55417446854027e+000,6.38456395753108e+002
2.57039578276886e+002,-2.50575599631292e+000,6.23957724212999e+002
2.63026799189538e+002,-2.45832043954522e+000,6.09788710046847e+002
2.69153480392691e+002,-2.41182084583487e+000,5.95941849807453e+002
2.75422870333816e+002,-2.36621310153152e+000,5.82409809203500e+002
2.81838293126445e+002,-2.32145590983686e+000,5.69185419396880e+002
2.88403150312660e+002,-2.27751076107960e+000,5.56261673385249e+002
2.95120922666638e+002,-2.23434189516457e+000,5.43631722467434e+002
3.01995172040201e+002,-2.19191625611488e+000,5.31288872789437e+002
3.09029543251358e+002,-2.15020343876452e+000,5.19226581968622e+002
3.16227766016837e+002,-2.10917562760013e+000,5.07438455793835e+002
3.23593656929628e+002,-2.06880752785675e+000,4.95918244999087e+002
3.31131121482590e+002,-2.02907628900141e+000,4.84659842108509e+002
3.38844156139202e+002,-1.98996142081507e+000,4.73657278350279e+002
3.46736850452531e+002,-1.95144470231825e+000,4.62904720637270e+002
3.54813389233575e+002,-1.91351008390528e+000,4.52396468612170e+002
3.63078054770101e+002,-1.87614358307736e+000,4.42126951754905e+002
3.71535229097172e+002,-1.83933317425066e+000,4.32090726550260e+002
3.80189396320560e+002,-1.80306867321821e+000,4.22282473713593e+002
3.89045144994280e+002,-1.76734161686197e+000,4.12696995472717e+002
3.98107170553496e+002,-1.73214513883310e+000,4.03329212904000e+002
4.07380277804112e+002,-1.69747384190208e+000,3.94174163320953e+002
4.16869383470335e+002,-1.66332366779662e+000,3.85226997713580e+002
4.26579518801592e+002,-1.62969176539857e+000,3.76482978236880e+002
4.36515832240165e+002,-1.59657635806132e+000,3.67937475747145e+002
4.46683592150962e+002,-1.56397661106079e+000,3.59585967384581e+002
4.57088189614874e+002,-1.53189249994020e+000,3.51424034201171e+002
4.67735141287197e+002,-1.50032468072968e+000,3.43447358832583e+002
4.78630092322637e+002,-1.46927436284308e+000,3.35651723213219e+002
4.89778819368445e+002,-1.43874318548539e+000,3.28033006333558e+002
5.01187233627271e+002,-1.40873309840798e+000,3.20587182038990e+002
5.12861383991364e+002,-1.37924624765665e+000,3.13310316869623e+002
5.24807460249771e+002,-1.35028486705881e+000,3.06198567940438e+002
5.37031796370251e+002,-1.32185117602305e+000,2.99248180861379e+002
5.49540873857623e+002,-1.29394728413445e+000,2.92455487697052e+002
5.62341325190348e+002,-1.26657510302850e+000,2.85816904965682e+002
5.75439937337155e+002,-1.23973626584598e+000,2.79328931677131e+002
5.88843655355587e+002,-1.21343205456370e+000,2.72988147409731e+002
6.02559586074356e+002,-1.18766333533604e+000,2.66791210425796e+002
6.16595001861481e+002,-1.16243050193179e+000,2.60734855825663e+002
6.30957344480192e+002,-1.13773342726340e+000,2.54815893740099e+002
6.45654229034654e+002,-1.11357142293096e+000,2.49031207560912e+002
6.60693448007594e+002,-1.08994320657381e+000,2.43377752209677e+002
6.76082975391980e+002,-1.06684687685811e+000,2.37852552444290e+002
6.91830970918935e+002,-1.04427989574872e+000,2.32452701203248e+002
7.07945784384136e+002,-1.02223907774655e+000,2.27175357987339e+002
7.24435960074988e+002,-1.00072058570173e+000,2.22017747278488e+002
7.41310241300916e+002,-9.79719932738655e-001,2.16977156995455e+002
7.58577575029182e+002,-9.59231989881241e-001,2.12050936985976e+002
7.76247116628690e+002,-9.39250998851749e-001,2.07236497554991e+002
7.94328234724279e+002,-9.19770589580735e-001,2.02531308028462e+002
8.12830516164097e+002,-9.00783801930850e-001,1.97932895352301e+002
8.31763771102669e+002,-8.82283111106640e-001,1.93438842725888e+002
8.51138038202374e+002,-8.64260456320910e-001,1.89046788269559e+002
8.70963589956078e+002,-8.46707272177002e-001,1.84754423725519e+002
8.91250938133743e+002,-8.29614522370480e-001,1.80559493191467e+002
9.12010839355907e+002,-8.12972735234689e-001,1.76459791886326e+002
9.33254300796988e+002,-7.96772040755137e-001,1.72453164947351e+002
9.54992586021433e+002,-7.81002208638226e-001,1.68537506257923e+002
9.77237220955808e+002,-7.65652687113529e-001,1.64710757305313e+002
9.99999999999997e+002,-7.50712642132411e-001,1.60970906067662e+002
1.02329299228075e+003,-7.36170996675641e-001,1.57315985929478e+002
1.04712854805090e+003,-7.22016469913703e-001,1.53744074624881e+002
1.07151930523760e+003,-7.08237615983898e-001,1.50253293207892e+002
1.09647819614318e+003,-6.94822862191278e-001,1.46841805049015e+002
1.12201845430196e+003,-6.81760546448443e-001,1.43507814857427e+002
1.14815362149688e+003,-6.69038953822683e-001,1.40249567728039e+002
1.17489755493953e+003,-6.56646352043048e-001,1.37065348212762e+002
1.20226443461741e+003,-6.44571025887645e-001,1.33953479415302e+002
1.23026877081238e+003,-6.32801310349587e-001,1.30912322108819e+002
1.25892541179416e+003,-6.21325622522595e-001,1.27940273875822e+002
1.28824955169313e+003,-6.10132492150514e-001,1.25035768269692e+002
1.31825673855640e+003,-5.99210590803892e-001,1.22197273997215e+002
1.34896288259165e+003,-5.88548759645967e-001,1.19423294121570e+002
1.38038426460288e+003,-5.78136035773395e-001,1.16712365285208e+002
1.41253754462275e+003,-5.67961677108746e-001,1.14063056952083e+002
1.44543977074592e+003,-5.58015185832342e-001,1.11473970668724e+002
1.47910838816820e+003,-5.48286330347035e-001,1.08943739343644e+002
1.51356124843620e+003,-5.38765165763068e-001,1.06471026544600e+002
1.54881661891248e+003,-5.29442052893165e-001,1.04054525813243e+002
1.58489319246111e+003,-5.20307675746367e-001,1.01692959996695e+002
1.62181009735892e+003,-5.11353057512633e-001,9.93850805956230e+001
1.65958690743755e+003,-5.02569575015493e-001,9.71296671283627e+001
1.69824365246174e+003,-4.93948971620088e-001,9.49255265106869e+001
1.73780082874937e+003,-4.85483368578655e-001,9.27714924507890e+001
1.77827941003892e+003,-4.77165274782774e-001,9.06664248590871e+001
1.81970085860998e+003,-4.68987594909205e-001,8.86092092724333e+001
1.86208713666286e+003,-4.60943635924379e-001,8.65987562923390e+001
1.90546071796324e+003,-4.53027111933468e-001,8.46340010368093e+001
1.94984459975804e+003,-4.45232147339029e-001,8.27139026054005e+001
1.99526231496887e+003,-4.37553278299886e-001,8.08374435570975e+001
2.04173794466952e+003,-4.29985452464767e-001,7.90036294006217e+001
2.08929613085403e+003,-4.22524026974428e-001,7.72114880967736e+001
2.13796208950222e+003,-4.15164764724299e-001,7.54600695724166e+001
2.18776162394954e+003,-4.07903828891624e-001,7.37484452457111e+001
2.23872113856833e+003,-4.00737775743113e-001,7.20757075622024e+001
2.29086765276776e+003,-3.93663545743087e-001,7.04409695413781e+001
2.34422881531991e+003,-3.86678453001697e-001,6.88433643333062e+001
2.39883291901948e+003,-3.79780173109423e-001,6.72820447849749e+001
2.45470891568502e+003,-3.72966729424912e-001,6.57561830159562e+001
2.51188643150957e+003,-3.66236477889296e-001,6.42649700030298e+001
2.57039578276885e+003,-3.59588090462744e-001,6.28076151734083e+001
2.63026799189537e+003,-3.53020537284307e-001,6.13833460062218e+001
2.69153480392690e+003,-3.46533067680285e-001,5.99914076419264e+001
2.75422870333815e+003,-3.40125190150360e-001,5.86310624993245e+001
2.81838293126444e+003,-3.33796651475721e-001,5.73015898998992e+001
2.88403150312659e+003,-3.27547415106778e-001,5.60022856991804e+001
2.95120922666637e+003,-3.21377638990901e-001,5.47324619248882e+001
3.01995172040200e+003,-3.15287653012255e-001,5.34914464216141e+001
3.09029543251358e+003,-3.09277936220431e-001,5.22785825018242e+001
3.16227766016836e+003,-3.03349094019741e-001,5.10932286029987e+001
3.23593656929627e+003,-2.97501835502714e-001,4.99347579507317e+001
3.31131121482590e+003,-2.91736951096370e-001,4.88025582276540e+001
3.38844156139201e+003,-2.86055290698612e-001,4.76960312480487e+001
3.46736850452530e+003,-2.80457742458079e-001,4.66145926380664e+001
3.54813389233574e+003,-2.74945212358306e-001,4.55576715214550e+001
3.63078054770100e+003,-2.69518604744043e-001,4.45247102107446e+001
3.71535229097171e+003,-2.64178803921264e-001,4.35151639038434e+001
3.80189396320559e+003,-2.58926656941447e-001,4.25285003860185e+001
3.89045144994279e+003,-2.53762957671041e-001,4.15641997372450e+001
3.98107170553495e+003,-2.48688432228442e-001,4.06217540449197e+001
4.07380277804111e+003,-2.43703725850255e-001,3.97006671219461e+001
4.16869383470333e+003,-2.38809391235678e-001,3.88004542302020e+001
4.26579518801591e+003,-2.34005878399029e-001,3.79206418094042e+001
4.36515832240164e+003,-2.29293526041763e-001,3.70607672113913e+001
4.46683592150961e+003,-2.24672554441061e-001,3.62203784398399e+001
4.57088189614873e+003,-2.20143059836348e-001,3.53990338954321e+001
4.67735141287196e+003,-2.15705010279710e-001,3.45963021264862e+001
4.78630092322636e+003,-2.11358242904031e-001,3.38117615850592e+001
4.89778819368444e+003,-2.07102462551982e-001,3.30450003885199e+001
5.01187233627270e+003,-2.02937241696127e-001,3.22956160865902e+001
5.12861383991362e+003,-1.98862021575150e-001,3.15632154338370e+001
5.24807460249770e+003,-1.94876114461986e-001,3.08474141675942e+001
5.37031796370250e+003,-1.90978706976046e-001,3.01478367912810e+001
5.49540873857622e+003,-1.87168864344529e-001,2.94641163630790e+001
5.62341325190346e+003,-1.83445535521108e-001,2.87958942899145e+001
5.75439937337154e+003,-1.79807559061811e-001,2.81428201266901e+001
5.88843655355586e+003,-1.76253669665724e-001,2.75045513806985e+001
6.02559586074354e+003,-1.72782505281474e-001,2.68807533211444e+001
6.16595001861479e+003,-1.69392614690036e-001,2.62710987936910e+001
6.30957344480190e+003,-1.66082465470952e-001,2.56752680399467e+001
6.45654229034652e+003,-1.62850452266527e-001,2.50929485217948e+001
6.60693448007592e+003,-1.59694905261755e-001,2.45238347504695e+001
6.76082975391978e+003,-1.56614098800628e-001,2.39676281202749e+001
6.91830970918932e+003,-1.53606260066091e-001,2.34240367468409e+001
7.07945784384134e+003,-1.50669577755025e-001,2.28927753098059e+001
7.24435960074986e+003,-1.47802210684250e-001,2.23735648998167e+001
7.41310241300913e+003,-1.45002296269448e-001,2.18661328697303e+001
7.58577575029179e+003,-1.42267958822054e-001,2.13702126899072e+001
7.76247116628687e+003,-1.39597317615979e-001,2.08855438074788e+001
7.94328234724277e+003,-1.36988494679009e-001,2.04118715094767e+001
8.12830516164094e+003,-1.34439622268703e-001,1.99489467897084e+001
8.31763771102666e+003,-1.31948849996727e-001,1.94965262192673e+001
8.51138038202371e+003,-1.29514351569410e-001,1.90543718205630e+001
8.70963589956075e+003,-1.27134331116161e-001,1.86222509447610e+001
8.91250938133740e+003,-1.24807029080772e-001,1.81999361525210e+001
9.12010839355904e+003,-1.22530727654357e-001,1.77872050979245e+001
9.33254300796985e+003,-1.20303755731612e-001,1.73838404154824e+001
9.54992586021430e+003,-1.18124493375680e-001,1.69896296101183e+001
9.77237220955804e+003,-1.15991375779167e-001,1.66043649500187e+001
9.99999999999993e+003,-1.13902896713308e-001,1.62278433622495e+001
1.02329299228075e+004,-1.11857611458903e-001,1.58598663310336e+001
1.04712854805089e+004,-1.09854139216708e-001,1.55002397985892e+001
1.07151930523760e+004,-1.07891164997272e-001,1.51487740684308e+001
1.09647819614318e+004,-1.05967440994233e-001,1.48052837110328e+001
1.12201845430196e+004,-1.04081787447235e-001,1.44695874717617e+001
1.14815362149688e+004,-1.02233093004750e-001,1.41415081809825e+001
1.17489755493952e+004,-1.00420314599434e-001,1.38208726662467e+001
1.20226443461740e+004,-9.86424768523682e-002,1.35075116664750e+001
1.23026877081237e+004,-9.68986710261254e-002,1.32012597480454e+001
1.25892541179416e+004,-9.51880535479970e-002,1.29019552227060e+001
1.28824955169313e+004,-9.35098441303248e-002,1.26094400672301e+001
1.31825673855640e+004,-9.18633235151525e-002,1.23235598447382e+001
1.34896288259164e+004,-9.02478308747042e-002,1.20441636276137e+001
1.38038426460288e+004,-8.86627609012261e-002,1.17711039219435e+001
1.41253754462274e+004,-8.71075606213301e-002,1.15042365934195e+001
1.44543977074592e+004,-8.55817259723419e-002,1.12434207946407e+001
1.47910838816820e+004,-8.40847981793764e-002,1.09885188937611e+001
1.51356124843620e+004,-8.26163599726186e-002,1.07393964044344e+001
1.54881661891247e+004,-8.11760316850911e-002,1.04959219170080e+001
1.58489319246110e+004,-7.97634672709701e-002,1.02579670309290e+001
1.62181009735892e+004,-7.83783502845581e-002,1.00254062883251e+001
1.65958690743755e+004,-7.70203898584677e-002,9.79811710873147e+000
1.69824365246173e+004,-7.56893167191036e-002,9.57597972493658e+000
1.73780082874936e+004,-7.43848792746645e-002,9.35887711992819e+000
1.77827941003891e+004,-7.31068398099861e-002,9.14669496492063e+000
1.81970085860997e+004,-7.18549708188800e-002,8.93932155845165e+000
1.86208713666285e+004,-7.06290515025130e-002,8.73664776653897e+000
1.90546071796323e+004,-6.94288644588928e-002,8.53856696389045e+000
1.94984459975803e+004,-6.82541925853559e-002,8.34497497616395e+000
1.99526231496887e+004,-6.71048162125162e-002,8.15577002327565e+000
2.04173794466951e+004,-6.59805104845011e-002,7.97085266375682e+000
2.08929613085402e+004,-6.48810429968825e-002,7.79012574016079e+000
2.13796208950222e+004,-6.38061717001689e-002,7.61349432552217e+000
2.18776162394954e+004,-6.27556430732476e-002,7.44086567087138e+000
2.23872113856832e+004,-6.17291905681090e-002,7.27214915380678e+000
2.29086765276776e+004,-6.07265333239078e-002,7.10725622812713e+000
2.34422881531990e+004,-5.97473751459007e-002,6.94610037452560e+000
2.39883291901947e+004,-5.87914037418768e-002,6.78859705234644e+000
2.45470891568501e+004,-5.78582902069023e-002,6.63466365240320e+000
2.51188643150956e+004,-5.69476887447486e-002,6.48421945085707e+000
2.57039578276884e+004,-5.60592366132332e-002,6.33718556415133e+000
2.63026799189536e+004,-5.51925542789907e-002,6.19348490499726e+000
2.69153480392689e+004,-5.43472457663959e-002,6.05304213940414e+000
2.75422870333814e+004,-5.35228991845585e-002,5.91578364474534e+000
2.81838293126443e+004,-5.27190874158503e-002,5.78163746885002e+000
2.88403150312658e+004,-5.19353689493305e-002,5.65053329010873e+000
2.95120922666636e+004,-5.11712888423503e-002,5.52240237857973e+000
3.01995172040199e+004,-5.04263797939709e-002,5.39717755808123e+000
3.09029543251357e+004,-4.97001633142643e-002,5.27479316925379e+000
3.16227766016835e+004,-4.89921509739976e-002,5.15518503357569e+000
3.23593656929626e+004,-4.83018457201644e-002,5.03829041831335e+000
3.31131121482588e+004,-4.76287432433626e-002,4.92404800238793e+000
3.38844156139200e+004,-4.69723333840223e-002,4.81239784313877e+000
3.46736850452529e+004,-4.63321015653347e-002,4.70328134396357e+000
3.54813389233573e+004,-4.57075302417194e-002,4.59664122281507e+000
3.63078054770098e+004,-4.50981003524486e-002,4.49242148153372e+000
3.71535229097169e+004,-4.45032927711048e-002,4.39056737599577e+000
3.80189396320558e+004,-4.39225897422368e-002,4.29102538705607e+000
3.89045144994277e+004,-4.33554762975458e-002,4.19374319226528e+000
3.98107170553494e+004,-4.28014416445985e-002,4.09866963834117e+000
4.07380277804109e+004,-4.22599805216656e-002,4.00575471437408e+000
4.16869383470332e+004,-4.17305945131632e-002,3.91494952574679e+000
4.26579518801589e+004,-4.12127933203544e-002,3.82620626874972e+000
4.36515832240162e+004,-4.07060959827600e-002,3.73947820587244e+000
4.46683592150959e+004,-4.02100320459350e-002,3.65471964175295e+000
4.57088189614871e+004,-3.97241426716775e-002,3.57188589976679e+000
4.67735141287194e+004,-3.92479816869574e-002,3.49093329923811e+000
4.78630092322634e+004,-3.87811165682024e-002,3.41181913325542e+000
4.89778819368442e+004,-3.83231293575809e-002,3.33450164707486e+000
5.01187233627268e+004,-3.78736175082517e-002,3.25894001709427e+000
5.12861383991360e+004,-3.74321946555575e-002,3.18509433038149e+000
5.24807460249768e+004,-3.69984913113308e-002,3.11292556474047e+000
5.37031796370248e+004,-3.65721554786121e-002,3.04239556929900e+000
5.49540873857620e+004,-3.61528531841256e-002,2.97346704560190e+000
5.62341325190344e+004,-3.57402689261682e-002,2.90610352919348e+000
5.75439937337152e+004,-3.53341060356268e-002,2.84026937167334e+000
5.88843655355584e+004,-3.49340869481737e-002,2.77592972320923e+000
6.02559586074352e+004,-3.45399533859030e-002,2.71305051549093e+000
6.16595001861477e+004,-3.41514664470935e-002,2.65159844510890e+000
6.30957344480187e+004,-3.37684066031076e-002,2.59154095734150e+000
6.45654229034650e+004,-3.33905736019641e-002,2.53284623033444e+000
6.60693448007590e+004,-3.30177862786253e-002,2.47548315965624e+000
6.76082975391975e+004,-3.26498822725968e-002,2.41942134321341e+000
6.91830970918930e+004,-3.22867176541467e-002,2.36463106650917e+000
7.07945784384131e+004,-3.19281664610585e-002,2.31108328822974e+000
7.24435960074983e+004,-3.15741201486194e-002,2.25874962614235e+000
7.41310241300911e+004,-3.12244869562430e-002,2.20760234328947e+000
7.58577575029177e+004,-3.08791911949329e-002,2.15761433446419e+000
7.76247116628685e+004,-3.05381724605296e-002,2.10875911295205e+000
7.94328234724274e+004,-3.02013847784180e-002,2.06101079752542e+000
8.12830516164092e+004,-2.98687956861182e-002,2.01434409967691e+000
8.31763771102663e+004,-2.95403852608065e-002,1.96873431107927e+000
8.51138038202369e+004,-2.92161450994457e-002,1.92415729126018e+000
8.70963589956073e+004,-2.88960772596831e-002,1.88058945548095e+000
8.91250938133737e+004,-2.85801931701589e-002,1.83800776280949e+000
9.12010839355901e+004,-2.82685125191171e-002,1.79638970437884e+000
9.33254300796982e+004,-2.79610621304946e-002,1.75571329182349e+000
9.54992586021427e+004,-2.76578748366966e-002,1.71595704588734e+000
9.77237220955802e+004,-2.73589883572663e-002,1.67709998519754e+000
9.99999999999991e+004,-2.70644441924945e-002,1.63912161520045e+000
1.02329299228074e+005,-2.67742865407206e-002,1.60200191725619e+000
1.04712854805089e+005,-2.64885612476975e-002,1.56572133788999e+000
1.07151930523760e+005,-2.62073147958751e-002,1.53026077819919e+000
1.09647819614317e+005,-2.59305933408568e-002,1.49560158341558e+000
1.12201845430195e+005,-2.56584418015855e-002,1.46172553262390e+000
1.14815362149687e+005,-2.53909030100524e-002,1.42861482863780e+000
1.17489755493952e+005,-2.51280169255012e-002,1.39625208803518e+000
1.20226443461740e+005,-2.48698199172243e-002,1.36462033135532e+000
1.23026877081237e+005,-2.46163441191775e-002,1.33370297346083e+000
1.25892541179416e+005,-2.43676168587165e-002,1.30348381406730e+000
1.28824955169312e+005,-2.41236601608964e-002,1.27394702844394e+000
1.31825673855639e+005,-2.38844903288868e-002,1.24507715828850e+000
1.34896288259164e+005,-2.36501176002368e-002,1.21685910277969e+000
1.38038426460287e+005,-2.34205458779475e-002,1.18927810980998e+000
1.41253754462274e+005,-2.31957725345723e-002,1.16231976740174e+000
1.44543977074591e+005,-2.29757882869330e-002,1.13596999530901e+000
1.47910838816819e+005,-2.27605771384403e-002,1.11021503680711e+000
1.51356124843619e+005,-2.25501163855225e-002,1.08504145067163e+000
1.54881661891247e+005,-2.23443766842344e-002,1.06043610334796e+000
1.58489319246110e+005,-2.21433221727839e-002,1.03638616131214e+000
1.62181009735891e+005,-2.19469106454540e-002,1.01287908362318e+000
1.65958690743754e+005,-2.17550937732102e-002,9.89902614666333e-001
1.69824365246173e+005,-2.15678173661758e-002,9.67444777086863e-001
1.73780082874936e+005,-2.13850216731142e-002,9.45493864912599e-001
1.77827941003890e+005,-2.12066417130708e-002,9.24038436863789e-001
1.81970085860996e+005,-2.10326076343989e-002,9.03067309847924e-001
1.86208713666285e+005,-2.08628450965164e-002,8.82569552636964e-001
1.90546071796323e+005,-2.06972756698918e-002,8.62534479724019e-001
1.94984459975802e+005,-2.05358172499553e-002,8.42951645356187e-001
1.99526231496886e+005,-2.03783844808397e-002,8.23810837740022e-001
2.04173794466951e+005,-2.02248891850993e-002,8.05102073415799e-001
2.08929613085402e+005,-2.00752407957985e-002,7.86815591796603e-001
2.13796208950221e+005,-1.99293467876183e-002,7.68941849868059e-001
2.18776162394953e+005,-1.97871131038891e-002,7.51471517044421e-001
2.23872113856832e+005,-1.96484445767146e-002,7.34395470176611e-001
2.29086765276775e+005,-1.95132453376030e-002,7.17704788707774e-001
2.34422881531990e+005,-1.93814192162687e-002,7.01390749971811e-001
2.39883291901946e+005,-1.92528701254997e-002,6.85444824630400e-001
2.45470891568500e+005,-1.91275024302116e-002,6.69858672243954e-001
2.51188643150955e+005,-1.90052212990235e-002,6.54624136972021e-001
2.57039578276884e+005,-1.88859330368873e-002,6.39733243398647e-001
2.63026799189535e+005,-1.87695453974948e-002,6.25178192478237e-001
2.69153480392689e+005,-1.86559678743659e-002,6.10951357597541e-001
2.75422870333814e+005,-1.85451119696864e-002,5.97045280749396e-001
2.81838293126442e+005,-1.84368914401281e-002,5.83452668813945e-001
2.88403150312657e+005,-1.83312225190366e-002,5.70166389943089e-001
2.95120922666635e+005,-1.82280241145178e-002,5.57179470044004e-001
3.01995172040198e+005,-1.81272179831014e-002,5.44485089357614e-001
3.09029543251356e+005,-1.80287288787992e-002,5.32076579127961e-001
3.16227766016834e+005,-1.79324846775157e-002,5.19947418358514e-001
3.23593656929625e+005,-1.78384164769078e-002,5.08091230651487e-001
3.31131121482587e+005,-1.77464586719301e-002,4.96501781126350e-001
3.38844156139199e+005,-1.76565490064421e-002,4.85172973413770e-001
3.46736850452528e+005,-1.75686286013914e-002,4.74098846721330e-001
3.54813389233571e+005,-1.74826419602300e-002,4.63273572967436e-001
3.63078054770097e+005,-1.73985369523600e-002,4.52691453979972e-001
3.71535229097168e+005,-1.73162647755370e-002,4.42346918756334e-001
3.80189396320557e+005,-1.72357798983032e-002,4.32234520781637e-001
3.89045144994276e+005,-1.71570399836418e-002,4.22348935401995e-001
3.98107170553493e+005,-1.70800057951742e-002,4.12684957249952e-001
4.07380277804108e+005,-1.70046410873307e-002,4.03237497719290e-001
4.16869383470331e+005,-1.69309124810314e-002,3.94001582486619e-001
4.26579518801588e+005,-1.68587893265018e-002,3.84972349077333e-001
4.36515832240161e+005,-1.67882435549249e-002,3.76145044473723e-001
4.46683592150958e+005,-1.67192495206888e-002,3.67515022763232e-001
4.57088189614870e+005,-1.66517838360311e-002,3.59077742825047e-001
4.67735141287193e+005,-1.65858251998988e-002,3.50828766053440e-001
4.78630092322633e+005,-1.65213542228494e-002,3.42763754116470e-001
4.89778819368440e+005,-1.64583532497951e-002,3.34878466748901e-001
5.01187233627266e+005,-1.63968061823502e-002,3.27168759578357e-001
5.12861383991359e+005,-1.63366983024888e-002,3.19630581983972e-001
5.24807460249766e+005,-1.62780160991316e-002,3.12259974986960e-001
5.37031796370246e+005,-1.62207470991900e-002,3.05053069172730e-001
5.49540873857618e+005,-1.61648797044799e-002,2.98006082644317e-001
5.62341325190342e+005,-1.61104030357885e-002,2.91115319007049e-001
5.75439937337150e+005,-1.60573067852429e-002,2.84377165384522e-001
5.88843655355582e+005,-1.60055810779768e-002,2.77788090466033e-001
6.02559586074350e+005,-1.59552163439393e-002,2.71344642585743e-001
6.16595001861474e+005,-1.59062032005335e-002,2.65043447833881e-001
6.30957344480185e+005,-1.58585323466094e-002,2.58881208200374e-001
6.45654229034647e+005,-1.58121944681836e-002,2.52854699751308e-001
6.60693448007588e+005,-1.57671801561030e-002,2.46960770838636e-001
6.76082975391973e+005,-1.57234798357239e-002,2.41196340343530e-001
6.91830970918928e+005,-1.56810837085423e-002,2.35558395953775e-001
7.07945784384129e+005,-1.56399817055823e-002,2.30043992475545e-001
7.24435960074981e+005,-1.56001634522371e-002,2.24650250179848e-001
7.41310241300908e+005,-1.55616182441537e-002,2.19374353183881e-001
7.58577575029174e+005,-1.55243350336629e-002,2.14213547867445e-001
7.76247116628682e+005,-1.54883024261863e-002,2.09165141324513e-001
7.94328234724271e+005,-1.54535086859865e-002,2.04226499849944e-001
8.12830516164089e+005,-1.54199417505864e-002,1.99395047461266e-001
8.31763771102660e+005,-1.53875892531463e-002,1.94668264455352e-001
8.51138038202365e+005,-1.53564385520720e-002,1.90043685999748e-001
8.70963589956069e+005,-1.53264767671171e-002,1.85518900758305e-001
8.91250938133734e+005,-1.52976908212481e-002,1.81091549550717e-001
9.12010839355898e+005,-1.52700674875540e-002,1.76759324045474e-001
9.33254300796979e+005,-1.52435934405038e-002,1.72519965485674e-001
9.54992586021423e+005,-1.52182553108883e-002,1.68371263447099e-001
9.77237220955797e+005,-1.51940397438143e-002,1.64311054627866e-001
9.99999999999987e+005,-1.51709334591667e-002,1.60337221668960e-001
1.02329299228074e+006,-1.51489233139941e-002,1.56447692004886e-001
1.04712854805089e+006,-1.51279963663251e-002,1.52640436743664e-001
1.07151930523759e+006,-1.51081399399751e-002,1.48913469575351e-001
1.09647819614317e+006,-1.50893416899481e-002,1.45264845708263e-001
1.12201845430195e+006,-1.50715896680987e-002,1.41692660832069e-001
1.14815362149687e+006,-1.50548723887616e-002,1.38195050106892e-001
1.17489755493951e+006,-1.50391788941163e-002,1.34770187177598e-001
1.20226443461740e+006,-1.50244988190919e-002,1.31416283212400e-001
1.23026877081236e+006,-1.50108224556760e-002,1.28131585964981e-001
1.25892541179415e+006,-1.49981408165235e-002,1.24914378859287e-001
1.28824955169312e+006,-1.49864456978151e-002,1.21762980096207e-001
1.31825673855639e+006,-1.49757297413458e-002,1.18675741781347e-001
1.34896288259163e+006,-1.49659864958647e-002,1.15651049073148e-001
1.38038426460287e+006,-1.49572104777207e-002,1.12687319350592e-001
1.41253754462273e+006,-1.49493972309008e-002,1.09783001399808e-001
1.44543977074591e+006,-1.49425433865737e-002,1.06936574618869e-001
1.47910838816819e+006,-1.49366467222833e-002,1.04146548240137e-001
1.51356124843619e+006,-1.49317062209569e-002,1.01411460569514e-001
1.54881661891246e+006,-1.49277221299164e-002,9.87298782420028e-002
1.58489319246109e+006,-1.49246960201031e-002,9.61003954929919e-002
1.62181009735891e+006,-1.49226308457441e-002,9.35216334447271e-002
1.65958690743754e+006,-1.49215310047098e-002,9.09922394074362e-002
1.69824365246172e+006,-1.49214023998227e-002,8.85108861946184e-002
1.73780082874935e+006,-1.49222525014027e-002,8.60762714520262e-002
1.77827941003890e+006,-1.49240904113443e-002,8.36871169998964e-002
1.81970085860996e+006,-1.49269269290378e-002,8.13421681880102e-002
1.86208713666284e+006,-1.49307746194675e-002,7.90401932631896e-002
1.90546071796322e+006,-1.49356478838302e-002,7.67799827488558e-002
1.94984459975802e+006,-1.49415630330395e-002,7.45603488363056e-002
1.99526231496885e+006,-1.49485383645022e-002,7.23801247873784e-002
2.04173794466950e+006,-1.49565942425646e-002,7.02381643482139e-002
2.08929613085401e+006,-1.49657531830603e-002,6.81333411738210e-002
2.13796208950220e+006,-1.49760399424106e-002,6.60645482632033e-002
2.18776162394952e+006,-1.49874816117489e-002,6.40306974048077e-002
2.23872113856831e+006,-1.50001077165846e-002,6.20307186320901e-002
2.29086765276774e+006,-1.50139503225487e-002,6.00635596890146e-002
2.34422881531989e+006,-1.50290441477924e-002,5.81281855053309e-002
2.39883291901946e+006,-1.50454266826721e-002,5.62235776815033e-002
2.45470891568499e+006,-1.50631383173826e-002,5.43487339831945e-002
2.51188643150954e+006,-1.50822224782691e-002,5.25026678452411e-002
2.57039578276883e+006,-1.51027257735892e-002,5.06844078850994e-002
2.63026799189534e+006,-1.51246981495875e-002,4.88929974257746e-002
2.69153480392688e+006,-1.51481930578041e-002,4.71274940282996e-002
2.75422870333813e+006,-1.51732676346209e-002,4.53869690338844e-002
2.81838293126441e+006,-1.51999828941594e-002,4.36705071159131e-002
2.88403150312656e+006,-1.52284039357389e-002,4.19772058420427e-002
2.95120922666634e+006,-1.52586001672243e-002,4.03061752467385e-002
3.01995172040197e+006,-1.52906455457305e-002,3.86565374146782e-002
3.09029543251354e+006,-1.53246188373053e-002,3.70274260755648e-002
3.16227766016833e+006,-1.53606038973614e-002,3.54179862110382e-002
3.23593656929623e+006,-1.53986899738543e-002,3.38273736745030e-002
3.31131121482586e+006,-1.54389720353683e-002,3.22547548249071e-002
3.38844156139197e+006,-1.54815511265538e-002,3.06993061757049e-002
3.46736850452526e+006,-1.55265347535972e-002,2.91602140604996e-002
3.54813389233570e+006,-1.55740373027020e-002,2.76366743171905e-002
3.63078054770096e+006,-1.56241804949096e-002,2.61278919927922e-002
3.71535229097167e+006,-1.56770938809331e-002,2.46330810715554e-002
3.80189396320555e+006,-1.57329153800836e-002,2.31514642295577e-002
3.89045144994275e+006,-1.57917918678419e-002,2.16822726195350e-002
3.98107170553491e+006,-1.58538798170918e-002,2.02247456905294e-002
4.07380277804106e+006,-1.59193459985727e-002,1.87781310478328e-002
4.16869383470329e+006,-1.59883682467175e-002,1.73416843598002e-002
4.26579518801586e+006,-1.60611362976094e-002,1.59146693194897e-002
4.36515832240159e+006,-1.61378527065015e-002,1.44963576706603e-002
4.46683592150956e+006,-1.62187338529772e-002,1.30860293096381e-002
4.57088189614868e+006,-1.63040110425067e-002,1.16829724769537e-002
4.67735141287191e+006,-1.63939317138054e-002,1.02864840554888e-002
4.78630092322631e+006,-1.64887607619260e-002,8.89586999540175e-003
4.89778819368438e+006,-1.65887819874458e-002,7.51044589030122e-003
5.01187233627264e+006,-1.66942996822096e-002,6.12953773429786e-003
5.12861383991357e+006,-1.68056403618690e-002,4.75248289575523e-003
5.24807460249764e+006,-1.69231546545564e-002,3.37863135112082e-003
5.37031796370244e+006,-1.70472193532278e-002,2.00734723136262e-003
5.49540873857616e+006,-1.71782396362283e-002,6.38010744422889e-004
5.62341325190340e+006,-1.73166514556000e-002,-7.29979449586847e-004
5.75439937337148e+006,-1.74629240851962e-002,-2.09720331806225e-003
5.88843655355579e+006,-1.76175628093346e-002,-3.46421587922657e-003
6.02559586074348e+006,-1.77811117166372e-002,-4.83154283618806e-003
6.16595001861472e+006,-1.79541565401883e-002,-6.19967526318390e-003
6.30957344480183e+006,-1.81373274524504e-002,-7.56906315695793e-003
6.45654229034645e+006,-1.83313016774913e-002,-8.94010763466402e-003
6.60693448007585e+006,-1.85368057197279e-002,-1.03131515266652e-002
6.76082975391971e+006,-1.87546169222048e-002,-1.16884680814403e-002
6.91830970918925e+006,-1.89855639503782e-002,-1.30662474742043e-002
7.07945784384126e+006,-1.92305256420723e-002,-1.44465808010671e-002
7.24435960074978e+006,-1.94904274596933e-002,-1.58294412583321e-002
7.41310241300905e+006,-1.97662345182228e-002,-1.72146622749828e-002
7.58577575029171e+006,-2.00589398337590e-002,-1.86019125170231e-002
7.76247116628679e+006,-2.03695460412221e-002,-1.99906679621768e-002
7.94328234724268e+006,-2.06990383818588e-002,-2.13801817210380e-002
8.12830516164086e+006,-2.10483463022339e-002,-2.27694530419961e-002
8.31763771102657e+006,-2.14182906319258e-002,-2.41571980935450e-002
8.51138038202362e+006,-2.18095131912056e-002,-2.55418267829423e-002
8.70963589956066e+006,-2.22223861203945e-002,-2.69214321329855e-002
8.91250938133731e+006,-2.26568996785920e-002,-2.82938015845804e-002
9.12010839355894e+006,-2.31125303658999e-002,-2.96564627707340e-002
9.33254300796975e+006,-2.35880967326488e-002,-3.10067791314978e-002
9.54992586021420e+006,-2.40816187903112e-002,-3.23421118289080e-002
9.77237220955794e+006,-2.45902085556583e-002,-3.36600615120993e-002
9.99999999999983e+006,-2.51100324991694e-002,-3.49587935438409e-002
1.02329299228074e+007,-2.56363975598396e-002,-3.62374303813037e-002
1.04712854805088e+007,-2.61640137850918e-002,-3.74964640660857e-002
1.07151930523759e+007,-2.66874692193744e-002,-3.87381046048529e-002
1.09647819614317e+007,-2.72019089527003e-002,-3.99664488384690e-002
1.12201845430194e+007,-2.77038419546921e-002,-4.11873489633595e-002
1.14815362149686e+007,-2.81919243351073e-002,-4.24078995423439e-002
1.17489755493951e+007,-2.86675194585902e-002,-4.36355511567756e-002
1.20226443461739e+007,-2.91348486039570e-002,-4.48769748845599e-002
1.23026877081236e+007,-2.96006324544357e-002,-4.61368970094338e-002
1.25892541179415e+007,-3.00732564637612e-002,-4.74171499676393e-002
1.28824955169311e+007,-3.05616155931623e-002,-4.87161273479294e-002
1.31825673855638e+007,-3.10738538303344e-002,-5.00287165869131e-002
1.34896288259163e+007,-3.16161952355055e-002,-5.13466682210064e-002
1.38038426460286e+007,-3.21919914546275e-002,-5.26592919534173e-002
1.41253754462273e+007,-3.28010308402991e-002,-5.39543615282682e-002
1.44543977074590e+007,-3.34391034093901e-002,-5.52191448568671e-002
1.47910838816818e+007,-3.40978075736783e-002,-5.64415209553298e-002
1.51356124843618e+007,-3.47646107376227e-002,-5.76111721070023e-002
1.54881661891245e+007,-3.54232153082765e-002,-5.87208316251471e-002
1.58489319246109e+007,-3.60543086690973e-002,-5.97675224377692e-002
1.62181009735890e+007,-3.66367660342618e-002,-6.07536516032027e-002
1.65958690743753e+007,-3.71493127167145e-002,-6.16877569971133e-002
1.69824365246171e+007,-3.75725382844530e-002,-6.25846715472071e-002
1.73780082874934e+007,-3.78910161679630e-002,-6.34649134230412e-002
1.77827941003889e+007,-3.80951706663339e-002,-6.43532428358045e-002
1.81970085860995e+007,-3.81825089077363e-002,-6.52765233953556e-002
1.86208713666283e+007,-3.81579337563688e-002,-6.62612228058983e-002
1.90546071796321e+007,-3.80330578486627e-002,-6.73310028842211e-002
1.94984459975801e+007,-3.78246782543344e-002,-6.85048289622167e-002
1.99526231496884e+007,-3.75527552615237e-002,-6.97958802189377e-002
2.04173794466949e+007,-3.72383051355089e-002,-7.12113285536502e-002
2.08929613085400e+007,-3.69015600520109e-002,-7.27528572345332e-002
2.13796208950219e+007,-3.65606132381460e-002,-7.44176715872226e-002
2.18776162394951e+007,-3.62306160334673e-002,-7.61997279354791e-002
2.23872113856830e+007,-3.59234745744289e-002,-7.80909518806354e-002
2.29086765276773e+007,-3.56479275787424e-002,-8.00822954525326e-002
2.34422881531988e+007,-3.54098693085145e-002,-8.21645618304945e-002
2.39883291901945e+007,-3.52127969494739e-002,-8.43289873013675e-002
2.45470891568499e+007,-3.50582917414470e-002,-8.65676074720417e-002
2.51188643150953e+007,-3.49464752461353e-002,-8.88734515708661e-002
2.57039578276882e+007,-3.48764090731086e-002,-9.12406113353078e-002
2.63026799189533e+007,-3.48464258210885e-002,-9.36642257805271e-002
2.69153480392687e+007,-3.48543912775209e-002,-9.61404147277399e-002
2.75422870333811e+007,-3.48979046343255e-002,-9.86661852667531e-002
2.81838293126440e+007,-3.49744463256698e-002,-1.01239327706882e-001
2.88403150312655e+007,-3.50814836015367e-002,-1.03858311600820e-001
2.95120922666633e+007,-3.52165431767477e-002,-1.06522188049538e-001
3.01995172040196e+007,-3.53772589544957e-002,-1.09230501471664e-001
3.09029543251353e+007,-3.55614013510089e-002,-1.11983212057477e-001
3.16227766016832e+007,-3.57668933634570e-002,-1.14780628930180e-001
3.23593656929622e+007,-3.59918173102151e-002,-1.17623353335730e-001
3.31131121482585e+007,-3.62344151959340e-002,-1.20512230865627e-001
3.38844156139196e+007,-3.64930848654015e-002,-1.23448311585642e-001
3.46736850452525e+007,-3.67663735063742e-002,-1.26432816950694e-001
3.54813389233569e+007,-3.70529696091505e-002,-1.29467112470760e-001
3.63078054770094e+007,-3.73516941485503e-002,-1.32552685196807e-001
3.71535229097165e+007,-3.76614915075294e-002,-1.35691125219575e-001
3.80189396320554e+007,-3.79814204838731e-002,-1.38884110494389e-001
3.89045144994273e+007,-3.83106455933568e-002,-1.42133394412688e-001
3.98107170553490e+007,-3.86484287936403e-002,-1.45440795637352e-001
4.07380277804105e+007,-3.89941216939066e-002,-1.48808189806688e-001
4.16869383470327e+007,-3.93471582768982e-002,-1.52237502788954e-001
4.26579518801584e+007,-3.97070481179616e-002,-1.55730705195525e-001
4.36515832240158e+007,-4.00733700972840e-002,-1.59289807970959e-001
4.46683592150954e+007,-4.04457665670298e-002,-1.62916858865706e-001
4.57088189614866e+007,-4.08239379386299e-002,-1.66613939646467e-001
4.67735141287189e+007,-4.12076376594203e-002,-1.70383163939775e-001
4.78630092322629e+007,-4.15966675434003e-002,-1.74226675614467e-001
4.89778819368437e+007,-4.19908734221940e-002,-1.78146647624707e-001
5.01187233627262e+007,-4.23901410882350e-002,-1.82145281256923e-001
5.12861383991355e+007,-4.27943924993776e-002,-1.86224805721389e-001
5.24807460249762e+007,-4.32035822348912e-002,-1.90387478080533e-001
5.37031796370242e+007,-4.36176941617482e-002,-1.94635583430420e-001
5.49540873857614e+007,-4.40367383173886e-002,-1.98971435365087e-001
5.62341325190338e+007,-4.44607479776458e-002,-2.03397376659631e-001
5.75439937337145e+007,-4.48897769070642e-002,-2.07915780174867e-001
5.88843655355577e+007,-4.53238967784958e-002,-2.12529049957380e-001
6.02559586074346e+007,-4.57631947629194e-002,-2.17239622542826e-001
6.16595001861470e+007,-4.62077712701025e-002,-2.22049968412557e-001
6.30957344480181e+007,-4.66577378566230e-002,-2.26962593645778e-001
6.45654229034643e+007,-4.71132152739549e-002,-2.31980041690954e-001
6.60693448007583e+007,-4.75743316811807e-002,-2.37104895313949e-001
6.76082975391968e+007,-4.80412210029615e-002,-2.42339778663259e-001
6.91830970918922e+007,-4.85140214539575e-002,-2.47687359498238e-001
7.07945784384124e+007,-4.89928741908915e-002,-2.53150351461029e-001
7.24435960074975e+007,-4.94779221604374e-002,-2.58731516567703e-001
7.41310241300902e+007,-4.99693090596532e-002,-2.64433667670749e-001
7.58577575029168e+007,-5.04671784998612e-002,-2.70259671135782e-001
7.76247116628676e+007,-5.09716732964965e-002,-2.76212449495730e-001
7.94328234724265e+007,-5.14829349432486e-002,-2.82294984237623e-001
8.12830516164083e+007,-5.20011032305180e-002,-2.88510318590998e-001
8.31763771102654e+007,-5.25263160496640e-002,-2.94861560431551e-001
8.51138038202359e+007,-5.30587093276923e-002,-3.01351885123887e-001
8.70963589956063e+007,-5.35984171461646e-002,-3.07984538459661e-001
8.91250938133727e+007,-5.41455720028933e-002,-3.14762839562802e-001
9.12010839355891e+007,-5.47003052191157e-002,-3.21690183769476e-001
9.33254300796972e+007,-5.52627475194131e-002,-3.28770045573671e-001
9.54992586021416e+007,-5.58330297045960e-002,-3.36005981397174e-001
9.77237220955791e+007,-5.64112835088378e-002,-3.43401632486699e-001
9.99999999999979e+007,-5.69976425194850e-002,-3.50960727569282e-001
1.02329299228073e+008,-5.75922432726859e-002,-3.58687085657924e-001
1.04712854805088e+008,-5.81952263671053e-002,-3.66584618518414e-001
1.07151930523758e+008,-5.88067377434506e-002,-3.74657333324908e-001
1.09647819614316e+008,-5.94269299799733e-002,-3.82909335044074e-001
1.12201845430194e+008,-6.00559636578864e-002,-3.91344828775381e-001
1.14815362149686e+008,-6.06940087613764e-002,-3.99968121976714e-001
1.17489755493951e+008,-6.13412461300343e-002,-4.08783626695478e-001
1.20226443461739e+008,-6.19978688612396e-002,-4.17795861507580e-001
1.23026877081236e+008,-6.26640837303718e-002,-4.27009453458133e-001
1.25892541179414e+008,-6.33401126174009e-002,-4.36429140039142e-001
1.28824955169311e+008,-6.40261938127423e-002,-4.46059770813734e-001
1.31825673855638e+008,-6.47225833177319e-002,-4.55906309161275e-001
1.34896288259163e+008,-6.54295560308532e-002,-4.65973833829817e-001
1.38038426460286e+008,-6.61474068569223e-002,-4.76267540490024e-001
1.41253754462272e+008,-6.68764517348574e-002,-4.86792743347947e-001
1.44543977074590e+008,-6.76170284344350e-002,-4.97554876313100e-001
1.47910838816818e+008,-6.83694973876188e-002,-5.08559494799523e-001
1.51356124843618e+008,-6.91342422002899e-002,-5.19812276854407e-001
1.54881661891245e+008,-6.99116701391043e-002,-5.31319024808787e-001
1.58489319246108e+008,-7.07022123778892e-002,-5.43085666669955e-001
1.62181009735890e+008,-7.15063241190812e-002,-5.55118257736415e-001
1.65958690743753e+008,-7.23244844969911e-002,-5.67422982123182e-001
1.69824365246171e+008,-7.31571963718231e-002,-5.80006154649529e-001
1.73780082874934e+008,-7.40049858971776e-002,-5.92874222662861e-001
1.77827941003888e+008,-7.48684018622966e-002,-6.06033767795851e-001
1.81970085860994e+008,-7.57480149975887e-002,-6.19491508472097e-001
1.86208713666283e+008,-7.66444169877458e-002,-6.33254302083639e-001
1.90546071796321e+008,-7.75582193864594e-002,-6.47329147679173e-001
1.94984459975800e+008,-7.84900523183995e-002,-6.61723188631695e-001
1.99526231496884e+008,-7.94405631277784e-002,-6.76443715989319e-001
2.04173794466949e+008,-8.04104147402643e-002,-6.91498171446443e-001
2.08929613085399e+008,-8.14002841250411e-002,-7.06894151617112e-001
2.13796208950219e+008,-8.24108603655875e-002,-7.22639411380455e-001
2.18776162394951e+008,-8.34428428734770e-002,-7.38741868636301e-001
2.23872113856829e+008,-8.44969394787347e-002,-7.55209609228273e-001
2.29086765276772e+008,-8.55738643427259e-002,-7.72050891713790e-001
2.34422881531987e+008,-8.66743359309871e-002,-7.89274152972975e-001
2.39883291901944e+008,-8.77990750035942e-002,-8.06888014403844e-001
2.45470891568498e+008,-8.89488025840365e-002,-8.24901288431939e-001
2.51188643150953e+008,-9.01242378992592e-002,-8.43322985160800e-001
2.57039578276881e+008,-9.13260964050046e-002,-8.62162319627120e-001
2.63026799189532e+008,-9.25550880510596e-002,-8.81428720245917e-001
2.69153480392686e+008,-9.38119156995256e-002,-9.01131837956719e-001
2.75422870333811e+008,-9.50972729336071e-002,-9.21281552160522e-001
2.81838293126439e+008,-9.64118434292736e-002,-9.41887983905094e-001
2.88403150312654e+008,-9.77562994275025e-002,-9.62961504179206e-001
2.95120922666632e+008,-9.91313006919159e-002,-9.84512743857060e-001
3.01995172040195e+008,-1.00537494190367e-001,-1.00655260638085e+000
3.09029543251352e+008,-1.01975513546567e-001,-1.02909227826684e+000
3.16227766016831e+008,-1.03445979217503e-001,-1.05214324200349e+000
3.23593656929621e+008,-1.04949498901072e-001,-1.07571728868886e+000
3.31131121482584e+008,-1.06486668323856e-001,-1.09982653107667e+000
3.38844156139195e+008,-1.08058072670682e-001,-1.12448341801086e+000
3.46736850452524e+008,-1.09664288342389e-001,-1.14970074871076e+000
3.54813389233568e+008,-1.11305885142948e-001,-1.17549168705465e+000
3.63078054770093e+008,-1.12983429267381e-001,-1.20186977782772e+000
3.71535229097164e+008,-1.14697486509466e-001,-1.22884896160728e+000
3.80189396320553e+008,-1.16448626640285e-001,-1.25644359333496e+000
3.89045144994272e+008,-1.18237427528596e-001,-1.28466845679624e+000
3.98107170553488e+008,-1.20064480428570e-001,-1.31353878248704e+000
4.07380277804103e+008,-1.21930395945446e-001,-1.34307026632457e+000
4.16869383470326e+008,-1.23835810255102e-001,-1.37327908679320e+000
4.26579518801583e+008,-1.25781392173056e-001,-1.40418192368007e+000
4.36515832240156e+008,-1.27767851093671e-001,-1.43579597874330e+000
4.46683592150953e+008,-1.29795944664004e-001,-1.46813899174209e+000
4.57088189614865e+008,-1.31866488170093e-001,-1.50122926323832e+000
4.67735141287188e+008,-1.33980363708549e-001,-1.53508567317825e+000
4.78630092322627e+008,-1.36138530756570e-001,-1.56972770465674e+000
4.89778819368435e+008,-1.38342035597091e-001,-1.60517545834538e+000
5.01187233627261e+008,-1.40592024180905e-001,-1.64144968405885e+000
5.12861383991353e+008,-1.42889751847272e-001,-1.67857179161743e+000
5.24807460249761e+008,-1.45236597075233e-001,-1.71656388286163e+000
5.37031796370240e+008,-1.47634073979315e-001,-1.75544877381927e+000
5.49540873857612e+008,-1.50083844576985e-001,-1.79525001386941e+000
5.62341325190336e+008,-1.52587733098990e-001,-1.83599191430749e+000
5.75439937337144e+008,-1.55147740868861e-001,-1.87769957895724e+000
5.88843655355575e+008,-1.57766059172792e-001,-1.92039892054490e+000
6.02559586074344e+008,-1.60445086173762e-001,-1.96411669958579e+000
6.16595001861468e+008,-1.63187441145371e-001,-2.00888054543922e+000
6.30957344480179e+008,-1.65995982574261e-001,-2.05471899869362e+000
6.45654229034641e+008,-1.68873822439100e-001,-2.10166152853792e+000
6.60693448007581e+008,-1.71824345904159e-001,-2.14973858103431e+000
6.76082975391966e+008,-1.74851228479710e-001,-2.19898160934083e+000
6.91830970918920e+008,-1.77958454008925e-001,-2.24942310663615e+000
7.07945784384121e+008,-1.81150337080967e-001,-2.30109666329192e+000
7.24435960074973e+008,-1.84431541846747e-001,-2.35403699828812e+000
7.41310241300900e+008,-1.87807103424676e-001,-2.40828000284969e+000
7.58577575029166e+008,-1.91282451284564e-001,-2.46386279127888e+000
7.76247116628674e+008,-1.94863437494210e-001,-2.52082377756236e+000
7.94328234724263e+008,-1.98556356194188e-001,-2.57920269003119e+000
8.12830516164080e+008,-2.02367977113791e-001,-2.63904066739985e+000
8.31763771102651e+008,-2.06305573540120e-001,-2.70038031095429e+000
8.51138038202356e+008,-2.10376952269571e-001,-2.76326573990790e+000
8.70963589956060e+008,-2.14590493903481e-001,-2.82774270075967e+000
8.91250938133725e+008,-2.18955184970352e-001,-2.89385861226058e+000
9.12010839355888e+008,-2.23480661220209e-001,-2.96166266583385e+000
9.33254300796969e+008,-2.28177255064515e-001,-3.03120593650263e+000
9.54992586021413e+008,-2.33056037739461e-001,-3.10254143998963e+000
9.77237220955788e+008,-2.38128878905683e-001,-3.17572428014070e+000
1.00000000000000e+009,-2.43408502345802e-001,-3.25081174570118e+000
